time,profit,magic,entry,position_id,type,volume,price,sl,usdjpy,profit_jpy
1624439700,0.00,20261001,0,2,0,0.01,154.53400000,154.09900000,110.94200,0.00
1624485600,413.00,20261001,1,2,1,0.01,154.94700000,154.09900000,110.94200,413.00
1624874400,0.00,20261001,0,4,0,0.01,154.13100000,153.59000000,110.60900,0.00
1624903123,-544.00,20261001,1,4,1,0.01,153.58700000,153.59000000,110.60900,-544.00
1625134500,0.00,20261001,0,6,0,0.04,153.83700000,153.35200000,111.51300,0.00
1625176800,-1212.00,20261001,1,6,1,0.04,153.53400000,153.35200000,111.51300,-1212.00
1625563800,0.00,20261001,0,8,0,0.01,153.97800000,153.42000000,110.60500,0.00
1625573735,-566.00,20261001,1,8,1,0.01,153.41200000,153.42000000,110.60500,-566.00
1625650200,0.00,20261001,0,10,0,0.01,152.90900000,152.32900000,110.60100,0.00
1625679298,-580.00,20261001,1,10,1,0.01,152.32900000,152.32900000,110.60100,-580.00
1625831100,0.00,20261001,0,12,0,0.01,151.74100000,151.02800000,110.09200,0.00
1625868000,1260.00,20261001,1,12,1,0.01,153.00100000,151.02800000,110.09200,1260.00
1626434100,0.00,20261001,0,14,0,0.01,152.31600000,151.75700000,110.07200,0.00
1626456271,-566.00,20261001,1,14,1,0.01,151.75000000,151.75700000,110.07200,-566.00
1626867000,0.00,20261001,0,16,0,0.04,150.04000000,149.48000000,110.28500,0.00
1626904800,4788.00,20261001,1,16,1,0.04,151.23700000,149.48000000,110.28500,4788.00
1626948000,0.00,20261001,0,18,0,0.04,151.28200000,150.73500000,110.09300,0.00
1626991200,1720.00,20261001,1,18,1,0.04,151.71200000,150.73500000,110.09300,1720.00
1627551000,0.00,20261001,0,20,0,0.01,152.98100000,152.51300000,109.46400,0.00
1627596000,-61.00,20261001,1,20,1,0.01,152.92000000,152.51300000,109.46400,-61.00
1628068500,0.00,20261001,0,22,0,0.01,151.96800000,151.53100000,109.46900,0.00
1628090322,-437.00,20261001,1,22,1,0.01,151.53100000,151.53100000,109.46900,-437.00
1628157600,0.00,20261001,0,24,0,0.01,152.41100000,151.98800000,109.76300,0.00
1628200800,493.00,20261001,1,24,1,0.01,152.90400000,151.98800000,109.76300,493.00
1628674200,0.00,20261001,0,26,0,0.01,153.10000000,152.78700000,110.40500,0.00
1628719200,39.00,20261001,1,26,1,0.01,153.13900000,152.78700000,110.40500,39.00
1629891000,0.00,20261001,0,28,0,0.01,150.90000000,150.36400000,109.99900,0.00
1629928800,457.00,20261001,1,28,1,0.01,151.35700000,150.36400000,109.99900,457.00
1629974700,0.00,20261001,0,30,0,0.04,151.54100000,151.14400000,110.07700,0.00
1629991409,-1588.00,20261001,1,30,1,0.04,151.14400000,151.14400000,110.07700,-1588.00
1630060200,0.00,20261001,0,32,0,0.04,150.93900000,150.45900000,109.84100,0.00
1630101600,1068.00,20261001,1,32,1,0.04,151.20600000,150.45900000,109.84100,1068.00
1630401300,0.00,20261001,0,34,0,0.01,151.55200000,151.08600000,109.99200,0.00
1630424371,-468.00,20261001,1,34,1,0.01,151.08400000,151.08600000,109.99200,-468.00
1630579500,0.00,20261001,0,36,0,0.01,151.74400000,151.27600000,109.92400,0.00
1630620000,441.00,20261001,1,36,1,0.01,152.18500000,151.27600000,109.92400,441.00
1631268000,0.00,20261001,0,38,0,0.01,152.36800000,151.70600000,109.89200,0.00
1631311200,-208.00,20261001,1,38,1,0.01,152.16000000,151.70600000,109.89200,-208.00
1631614500,0.00,20261001,0,40,0,0.01,152.54900000,152.05000000,109.67900,0.00
1631640882,-508.00,20261001,1,40,1,0.01,152.04100000,152.05000000,109.67900,-508.00
1631879100,0.00,20261001,0,42,0,0.01,151.84800000,151.16000000,109.96400,0.00
1631901079,-688.00,20261001,1,42,1,0.01,151.16000000,151.16000000,109.96400,-688.00
1632219300,0.00,20261001,0,44,0,0.01,149.92500000,149.17500000,109.20900,0.00
1632241829,-754.00,20261001,1,44,1,0.01,149.17100000,149.17500000,109.20900,-754.00
1632390300,0.00,20261001,0,46,0,0.01,150.00300000,149.35200000,110.31400,0.00
1632434400,1382.00,20261001,1,46,1,0.01,151.38500000,149.35200000,110.31400,1382.00
1632476700,0.00,20261001,0,48,0,0.01,151.70100000,151.22200000,110.72500,0.00
1632482011,-488.00,20261001,1,48,1,0.01,151.21300000,151.22200000,110.72500,-488.00
1632739500,0.00,20261001,0,50,0,0.01,151.56900000,151.12300000,110.99400,0.00
1632780000,609.00,20261001,1,50,1,0.01,152.17800000,151.12300000,110.99400,609.00
1633342500,0.00,20261001,0,52,0,0.01,150.69900000,150.15300000,110.91300,0.00
1633384800,284.00,20261001,1,52,1,0.01,150.98300000,150.15300000,110.91300,284.00
1633428000,0.00,20261001,0,54,0,0.01,151.20500000,150.74500000,111.45100,0.00
1633471200,744.00,20261001,1,54,1,0.01,151.94900000,150.74500000,111.45100,744.00
1634119200,0.00,20261001,0,56,0,0.01,154.57100000,154.10700000,113.23900,0.00
1634162400,69.00,20261001,1,56,1,0.01,154.64000000,154.10700000,113.23900,69.00
1634203800,0.00,20261001,0,58,0,0.01,155.32600000,154.60400000,113.66700,0.00
1634248800,230.00,20261001,1,58,1,0.01,155.55600000,154.60400000,113.66700,230.00
1634292000,0.00,20261001,0,60,0,0.01,156.22100000,155.37400000,114.24300,0.00
1634335200,864.00,20261001,1,60,1,0.01,157.08500000,155.37400000,114.24300,864.00
1635241500,0.00,20261001,0,62,0,0.01,156.87600000,156.42700000,114.14000,0.00
1635285600,276.00,20261001,1,62,1,0.01,157.15200000,156.42700000,114.14000,276.00
1635417900,0.00,20261001,0,64,0,0.04,156.47200000,155.97700000,113.55800,0.00
1635434549,-1980.00,20261001,1,64,1,0.04,155.97700000,155.97700000,113.55800,-1980.00
1636709400,0.00,20261001,0,66,0,0.01,152.82200000,152.37400000,113.91400,0.00
1636754400,41.00,20261001,1,66,1,0.01,152.86300000,152.37400000,113.91400,41.00
1637054100,0.00,20261001,0,68,0,0.01,153.56200000,152.95500000,114.80900,0.00
1637100000,457.00,20261001,1,68,1,0.01,154.01900000,152.95500000,114.80900,457.00
1637140500,0.00,20261001,0,70,0,0.01,154.54400000,153.91800000,113.97700,0.00
1637178208,-626.00,20261001,1,70,1,0.01,153.91800000,153.91800000,113.97700,-626.00
1637234100,0.00,20261001,0,72,0,0.01,154.20100000,153.65000000,114.23900,0.00
1637272800,14.00,20261001,1,72,1,0.01,154.21500000,153.65000000,114.23900,14.00
1637572500,0.00,20261001,0,74,0,0.01,153.61600000,153.11200000,114.86100,0.00
1637618400,237.00,20261001,1,74,1,0.01,153.85300000,153.11200000,114.86100,237.00
1638436500,0.00,20261001,0,76,0,0.01,150.54100000,149.50800000,113.00700,0.00
1638482400,-58.00,20261001,1,76,1,0.01,150.48300000,149.50800000,113.00700,-58.00
1638526500,0.00,20261001,0,78,0,0.01,150.61100000,150.16000000,112.82500,0.00
1638536682,-451.00,20261001,1,78,1,0.01,150.16000000,150.16000000,112.82500,-451.00
1638784800,0.00,20261001,0,80,0,0.01,149.72400000,149.04900000,113.43400,0.00
1638828000,733.00,20261001,1,80,1,0.01,150.45700000,149.04900000,113.43400,733.00
1639477800,0.00,20261001,0,82,0,0.01,150.18300000,149.76100000,113.60100,0.00
1639519200,189.00,20261001,1,82,1,0.01,150.37200000,149.76100000,113.60100,189.00
1639649700,0.00,20261001,0,84,0,0.01,151.59400000,150.97700000,113.60200,0.00
1639692000,-401.00,20261001,1,84,1,0.01,151.19300000,150.97700000,113.60200,-401.00
1640079000,0.00,20261001,0,86,0,0.01,150.44900000,149.88800000,114.05400,0.00
1640124000,902.00,20261001,1,86,1,0.01,151.35100000,149.88800000,114.05400,902.00
1640252700,0.00,20261001,0,88,0,0.01,152.70800000,152.18400000,114.37400,0.00
1640296800,860.00,20261001,1,88,1,0.01,153.56800000,152.18400000,114.37400,860.00
1640599200,0.00,20261001,0,90,0,0.01,153.51100000,152.94500000,114.80700,0.00
1640642400,936.00,20261001,1,90,1,0.01,154.44700000,152.94500000,114.80700,936.00
1641290400,0.00,20261001,0,92,0,0.01,156.12300000,155.10900000,116.12000,0.00
1641333600,1032.00,20261001,1,92,1,0.01,157.15500000,155.10900000,116.12000,1032.00
1641896100,0.00,20261001,0,94,0,0.01,156.93300000,156.03800000,115.28500,0.00
1641938400,253.00,20261001,1,94,1,0.01,157.18600000,156.03800000,115.28500,253.00
1642411800,0.00,20261001,0,96,0,0.01,156.61200000,155.85500000,114.59400,0.00
1642456800,-266.00,20261001,1,96,1,0.01,156.34600000,155.85500000,114.59400,-266.00
1643192100,0.00,20261001,0,98,0,0.01,154.01400000,153.50200000,114.55300,0.00
1643234400,217.00,20261001,1,98,1,0.01,154.23100000,153.50200000,114.55300,217.00
1643623200,0.00,20261001,0,100,0,0.01,155.08500000,154.32700000,115.04400,0.00
1643666400,-335.00,20261001,1,100,1,0.01,154.75000000,154.32700000,115.04400,-335.00
1643707800,0.00,20261001,0,102,0,0.04,154.94200000,154.48600000,114.66300,0.00
1643752800,388.00,20261001,1,102,1,0.04,155.03900000,154.48600000,114.66300,388.00
1643883300,0.00,20261001,0,104,0,0.04,155.42700000,155.04400000,114.94700,0.00
1643925600,3004.00,20261001,1,104,1,0.04,156.17800000,155.04400000,114.94700,3004.00
1644320700,0.00,20261001,0,106,0,0.01,156.29600000,155.44200000,115.52800,0.00
1644357600,171.00,20261001,1,106,1,0.01,156.46700000,155.44200000,115.52800,171.00
1644487200,0.00,20261001,0,108,0,0.01,156.59900000,156.08000000,115.93800,0.00
1644530400,731.00,20261001,1,108,1,0.01,157.33000000,156.08000000,115.93800,731.00
1644576300,0.00,20261001,0,110,0,0.04,157.39300000,156.89000000,115.26000,0.00
1644611983,-2104.00,20261001,1,110,1,0.04,156.86700000,156.89000000,115.26000,-2104.00
1644920100,0.00,20261001,0,112,0,0.04,156.59700000,155.96400000,115.59300,0.00
1644962400,-372.00,20261001,1,112,1,0.04,156.50400000,155.96400000,115.59300,-372.00
1645002900,0.00,20261001,0,114,0,0.01,156.85100000,156.31600000,115.47400,0.00
1645048800,87.00,20261001,1,114,1,0.01,156.93800000,156.31600000,115.47400,87.00
1645179300,0.00,20261001,0,116,0,0.01,156.89400000,156.21700000,114.98500,0.00
1645207483,-677.00,20261001,1,116,1,0.01,156.21700000,156.21700000,114.98500,-677.00
1645434900,0.00,20261001,0,118,0,0.01,156.70800000,156.08200000,114.72800,0.00
1645477300,-627.00,20261001,1,118,1,0.01,156.08100000,156.08200000,114.72800,-627.00
1646645400,0.00,20261001,0,120,0,0.01,152.17900000,151.47600000,115.26200,0.00
1646649269,-707.00,20261001,1,120,1,0.01,151.47200000,151.47600000,115.26200,-707.00
1646820900,0.00,20261001,0,122,0,0.01,152.08800000,151.39400000,115.77800,0.00
1646863200,611.00,20261001,1,122,1,0.01,152.69900000,151.39400000,115.77800,611.00
1646990100,0.00,20261001,0,124,0,0.01,152.88300000,151.84400000,117.24400,0.00
1647036000,121.00,20261001,1,124,1,0.01,153.00400000,151.84400000,117.24400,121.00
1647253800,0.00,20261001,0,126,0,0.01,153.50900000,152.83200000,118.17300,0.00
1647295200,212.00,20261001,1,126,1,0.01,153.72100000,152.83200000,118.17300,212.00
1647512100,0.00,20261001,0,128,0,0.01,156.60800000,155.97200000,118.58600,0.00
1647529240,-636.00,20261001,1,128,1,0.01,155.97200000,155.97200000,118.58600,-636.00
1647594900,0.00,20261001,0,130,0,0.01,156.42800000,155.85000000,119.10800,0.00
1647640800,664.00,20261001,1,130,1,0.01,157.09200000,155.85000000,119.10800,664.00
1647945000,0.00,20261001,0,132,0,0.01,158.25300000,157.18800000,120.76300,0.00
1647986400,1751.00,20261001,1,132,1,0.01,160.00400000,157.18800000,120.76300,1751.00
1648114200,0.00,20261001,0,134,0,0.01,160.26400000,159.58100000,122.31000,0.00
1648159200,874.00,20261001,1,134,1,0.01,161.13800000,159.58100000,122.31000,874.00
1648461600,0.00,20261001,0,136,0,0.01,162.26600000,160.71300000,123.75100,0.00
1648504800,-454.00,20261001,1,136,1,0.01,161.81200000,160.71300000,123.75100,-454.00
1649064600,0.00,20261001,0,138,0,0.01,161.10500000,160.27100000,122.77100,0.00
1649109600,-45.00,20261001,1,138,1,0.01,161.06000000,160.27100000,122.77100,-45.00
1649154600,0.00,20261001,0,140,0,0.04,161.32300000,160.50200000,123.59200,0.00
1649196000,1428.00,20261001,1,140,1,0.04,161.68000000,160.50200000,123.59200,1428.00
1649244600,0.00,20261001,0,142,0,0.01,162.16100000,161.43000000,123.75000,0.00
1649282400,-406.00,20261001,1,142,1,0.01,161.75500000,161.43000000,123.75000,-406.00
1649325600,0.00,20261001,0,144,0,0.01,162.05800000,161.39900000,123.88200,0.00
1649368800,0.00,20261001,1,144,1,0.01,162.05800000,161.39900000,123.88200,0.00
1649670300,0.00,20261001,0,146,0,0.01,162.91300000,161.49900000,125.33400,0.00
1649714400,585.00,20261001,1,146,1,0.01,163.49800000,161.49900000,125.33400,585.00
1649841300,0.00,20261001,0,148,0,0.01,163.57800000,162.89400000,125.48100,0.00
1649887200,1079.00,20261001,1,148,1,0.01,164.65700000,162.89400000,125.48100,1079.00
1650015900,0.00,20261001,0,150,0,0.01,165.39800000,164.30000000,126.42700,0.00
1650060000,-320.00,20261001,1,150,1,0.01,165.07800000,164.30000000,126.42700,-320.00
1651050900,0.00,20261001,0,152,0,0.01,160.93700000,159.59900000,128.40900,0.00
1651096800,-12.00,20261001,1,152,1,0.01,160.92500000,159.59900000,128.40900,-12.00
1651573800,0.00,20261001,0,154,0,0.01,163.15900000,162.39400000,130.12900,0.00
1651614087,-765.00,20261001,1,154,1,0.01,162.39400000,162.39400000,130.12900,-765.00
1652780700,0.00,20261001,0,156,0,0.01,160.13500000,158.78800000,129.35800,0.00
1652824800,1379.00,20261001,1,156,1,0.01,161.51400000,158.78800000,129.35800,1379.00
1654076700,0.00,20261001,0,158,0,0.01,162.93100000,161.96200000,130.08600,0.00
1654108996,-973.00,20261001,1,158,1,0.01,161.95800000,161.96200000,130.08600,-973.00
1654511400,0.00,20261001,0,160,0,0.04,163.64700000,162.90400000,131.84900,0.00
1654552800,7212.00,20261001,1,160,1,0.04,165.45000000,162.90400000,131.84900,7212.00
1654600500,0.00,20261001,0,162,0,0.01,166.17800000,165.06200000,132.52600,0.00
1654639200,666.00,20261001,1,162,1,0.01,166.84400000,165.06200000,132.52600,666.00
1654681500,0.00,20261001,0,164,0,0.01,167.48500000,166.80100000,134.22100,0.00
1654725600,747.00,20261001,1,164,1,0.01,168.23200000,166.80100000,134.22100,747.00
1655805600,0.00,20261001,0,166,0,0.01,165.92100000,165.12900000,136.45200,0.00
1655848800,1677.00,20261001,1,166,1,0.01,167.59800000,165.12900000,136.45200,1677.00
1656325800,0.00,20261001,0,168,0,0.01,166.46500000,165.12200000,135.41400,0.00
1656367200,-220.00,20261001,1,168,1,0.01,166.24500000,165.12200000,135.41400,-220.00
1656927900,0.00,20261001,0,170,0,0.01,164.09200000,162.99600000,135.48100,0.00
1656972000,223.00,20261001,1,170,1,0.01,164.31500000,162.99600000,135.48100,223.00
1657103400,0.00,20261001,0,172,0,0.04,162.55000000,161.21000000,135.91000,0.00
1657117948,-5360.00,20261001,1,172,1,0.04,161.21000000,161.21000000,135.91000,-5360.00
1657187100,0.00,20261001,0,174,0,0.01,162.53400000,161.57800000,135.97000,0.00
1657231200,973.00,20261001,1,174,1,0.01,163.50700000,161.57800000,135.97000,973.00
1657705500,0.00,20261001,0,176,0,0.01,163.52900000,162.35300000,137.23700,0.00
1657749600,-29.00,20261001,1,176,1,0.01,163.50000000,162.35300000,137.23700,-29.00
1657791000,0.00,20261001,0,178,0,0.01,164.13600000,163.08200000,138.93300,0.00
1657836000,150.00,20261001,1,178,1,0.01,164.28600000,163.08200000,138.93300,150.00
1658226600,0.00,20261001,0,180,0,0.01,165.50100000,164.71700000,138.17300,0.00
1658268000,289.00,20261001,1,180,1,0.01,165.79000000,164.71700000,138.17300,289.00
1658484000,0.00,20261001,0,182,0,0.01,165.09400000,164.24600000,136.04800,0.00
1658486072,-857.00,20261001,1,182,1,0.01,164.23700000,164.24600000,136.04800,-857.00
1658749500,0.00,20261001,0,184,0,0.04,163.82000000,162.99200000,136.65200,0.00
1658786400,3604.00,20261001,1,184,1,0.04,164.72100000,162.99200000,136.65200,3604.00
1659604500,0.00,20261001,0,186,0,0.01,162.97000000,162.25500000,132.77300,0.00
1659622144,-715.00,20261001,1,186,1,0.01,162.25500000,162.25500000,132.77300,-715.00
1659695400,0.00,20261001,0,188,0,0.01,162.06100000,161.10400000,134.94100,0.00
1659736800,920.00,20261001,1,188,1,0.01,162.98100000,161.10400000,134.94100,920.00
1659951000,0.00,20261001,0,190,0,0.01,163.60300000,162.74100000,134.80000,0.00
1659986968,-862.00,20261001,1,190,1,0.01,162.74100000,162.74100000,134.80000,-862.00
1660044600,0.00,20261001,0,192,0,0.01,163.32600000,162.62000000,134.91700,0.00
1660082400,-199.00,20261001,1,192,1,0.01,163.12700000,162.62000000,134.91700,-199.00
1660646700,0.00,20261001,0,194,0,0.04,160.91900000,160.08500000,134.18800,0.00
1660687200,5420.00,20261001,1,194,1,0.04,162.27400000,160.08500000,134.18800,5420.00
1661768100,0.00,20261001,0,196,0,0.01,162.07700000,161.34300000,138.70100,0.00
1661810400,368.00,20261001,1,196,1,0.01,162.44500000,161.34300000,138.70100,368.00
1662376500,0.00,20261001,0,198,0,0.04,161.43700000,160.65800000,140.57400,0.00
1662415200,1676.00,20261001,1,198,1,0.04,161.85600000,160.65800000,140.57400,1676.00
1662544800,0.00,20261001,0,200,0,0.01,165.64900000,164.18300000,143.71800,0.00
1662588000,118.00,20261001,1,200,1,0.01,165.76700000,164.18300000,143.71800,118.00
1663235100,0.00,20261001,0,202,0,0.01,165.48500000,164.72700000,143.46000,0.00
1663255816,-770.00,20261001,1,202,1,0.01,164.71500000,164.72700000,143.46000,-770.00
1663667100,0.00,20261001,0,204,0,0.01,164.10600000,163.37600000,143.71400,0.00
1663702865,-734.00,20261001,1,204,1,0.01,163.37200000,163.37600000,143.71400,-734.00
1664538300,0.00,20261001,0,206,0,0.01,161.91300000,160.21400000,144.70700,0.00
1664544583,-1709.00,20261001,1,206,1,0.01,160.20400000,160.21400000,144.70700,-1709.00
1664878500,0.00,20261001,0,208,0,0.01,164.80800000,163.20100000,144.04400,0.00
1664920800,416.00,20261001,1,208,1,0.01,165.22400000,163.20100000,144.04400,416.00
1665574200,0.00,20261001,0,210,0,0.01,161.55100000,159.72400000,146.89600,0.00
1665612000,1378.00,20261001,1,210,1,0.01,162.92900000,159.72400000,146.89600,1378.00
1667816100,0.00,20261001,0,212,0,0.01,167.01600000,165.86600000,146.59900,0.00
1667858400,2023.00,20261001,1,212,1,0.01,169.03900000,165.86600000,146.59900,2023.00
1668422700,0.00,20261001,0,214,0,0.04,165.14200000,163.69000000,139.87500,0.00
1668463200,-1380.00,20261001,1,214,1,0.04,164.79700000,163.69000000,139.87500,-1380.00
1669030200,0.00,20261001,0,216,0,0.04,167.11600000,166.09200000,142.10700,0.00
1669068000,3428.00,20261001,1,216,1,0.04,167.97300000,166.09200000,142.10700,3428.00
1669375800,0.00,20261001,0,218,0,0.01,168.35200000,167.35200000,139.12600,0.00
1669413600,-318.00,20261001,1,218,1,0.01,168.03400000,167.35200000,139.12600,-318.00
1669806900,0.00,20261001,0,220,0,0.01,166.45300000,165.34900000,137.98600,0.00
1669845600,-106.00,20261001,1,220,1,0.01,166.34700000,165.34900000,137.98600,-106.00
1670231700,0.00,20261001,0,222,0,0.01,166.33600000,164.69200000,136.61300,0.00
1670277600,41.00,20261001,1,222,1,0.01,166.37700000,164.69200000,136.61300,41.00
1670319000,0.00,20261001,0,224,0,0.01,167.48300000,166.33300000,136.89800,0.00
1670326994,-1150.00,20261001,1,224,1,0.01,166.33300000,166.33300000,136.89800,-1150.00
1670408100,0.00,20261001,0,226,0,0.01,167.05100000,165.95500000,136.60300,0.00
1670450400,-584.00,20261001,1,226,1,0.01,166.46700000,165.95500000,136.60300,-584.00
1670842800,0.00,20261001,0,228,0,0.01,167.73000000,166.98600000,137.65000,0.00
1670882400,1133.00,20261001,1,228,1,0.01,168.86300000,166.98600000,137.65000,1133.00
1671448500,0.00,20261001,0,230,0,0.01,166.24000000,164.84000000,136.89200,0.00
1671487200,83.00,20261001,1,230,1,0.01,166.32300000,164.84000000,136.89200,83.00
1671790500,0.00,20261001,0,232,0,0.01,159.99300000,158.90000000,132.78100,0.00
1671832800,-72.00,20261001,1,232,1,0.01,159.92100000,158.90000000,132.78100,-72.00
1672223400,0.00,20261001,0,234,0,0.01,161.43700000,160.13600000,134.45400,0.00
1672264800,170.00,20261001,1,234,1,0.01,161.60700000,160.13600000,134.45400,170.00
1673257500,0.00,20261001,0,236,0,0.01,160.38300000,159.22700000,131.87400,0.00
1673301600,177.00,20261001,1,236,1,0.01,160.56000000,159.22700000,131.87400,177.00
1673433000,0.00,20261001,0,238,0,0.01,161.13400000,160.36500000,132.33900,0.00
1673474400,-191.00,20261001,1,238,1,0.01,160.94300000,160.36500000,132.33900,-191.00
1673865000,0.00,20261001,0,240,0,0.01,157.03600000,155.79300000,128.46700,0.00
1673906400,-258.00,20261001,1,240,1,0.01,156.77800000,155.79300000,128.46700,-258.00
1673947800,0.00,20261001,0,242,0,0.01,157.25500000,156.38200000,128.02000,0.00
1673992800,272.00,20261001,1,242,1,0.01,157.52700000,156.38200000,128.02000,272.00
1674728100,0.00,20261001,0,244,0,0.04,160.97300000,160.00200000,130.21000,0.00
1674770400,2416.00,20261001,1,244,1,0.04,161.57700000,160.00200000,130.21000,2416.00
1675243800,0.00,20261001,0,246,0,0.01,160.66200000,159.84900000,128.93600,0.00
1675260626,-813.00,20261001,1,246,1,0.01,159.84900000,159.84900000,128.93600,-813.00
1675850400,0.00,20261001,0,248,0,0.01,158.37000000,157.60900000,131.32700,0.00
1675893600,194.00,20261001,1,248,1,0.01,158.56400000,157.60900000,131.32700,194.00
1676284200,0.00,20261001,0,250,0,0.01,159.57000000,158.21800000,132.36900,0.00
1676325600,1136.00,20261001,1,250,1,0.01,160.70600000,158.21800000,132.36900,1136.00
1677232800,0.00,20261001,0,252,0,0.01,162.17300000,161.20300000,136.47300,0.00
1677276000,779.00,20261001,1,252,1,0.01,162.95200000,161.20300000,136.47300,779.00
1677498300,0.00,20261001,0,254,0,0.04,163.25200000,162.60300000,136.13500,0.00
1677535200,4108.00,20261001,1,254,1,0.04,164.27900000,162.60300000,136.13500,4108.00
1677578400,0.00,20261001,0,256,0,0.01,164.60200000,163.97600000,136.10200,0.00
1677618451,-626.00,20261001,1,256,1,0.01,163.97600000,163.97600000,136.10200,-626.00
1677662100,0.00,20261001,0,258,0,0.01,164.33100000,163.44100000,136.13800,0.00
1677673900,-890.00,20261001,1,258,1,0.01,163.44100000,163.44100000,136.13800,-890.00
1678446900,0.00,20261001,0,260,0,0.01,163.34700000,161.94500000,135.05600,0.00
1678485600,-1182.00,20261001,1,260,1,0.01,162.16500000,161.94500000,135.05600,-1182.00
1678793400,0.00,20261001,0,262,0,0.01,162.84500000,161.85700000,134.20600,0.00
1678831200,508.00,20261001,1,262,1,0.01,163.35300000,161.85700000,134.20600,508.00
1678871700,0.00,20261001,0,264,0,0.01,163.76400000,162.96900000,133.36000,0.00
1678883556,-795.00,20261001,1,264,1,0.01,162.96900000,162.96900000,133.36000,-795.00
1679397300,0.00,20261001,0,266,0,0.04,161.77000000,160.75200000,132.47800,0.00
1679436000,604.00,20261001,1,266,1,0.04,161.92100000,160.75200000,132.47800,604.00
1679908500,0.00,20261001,0,268,0,0.01,160.32800000,159.42500000,131.54100,0.00
1679954400,1362.00,20261001,1,268,1,0.01,161.69000000,159.42500000,131.54100,1362.00
1680000300,0.00,20261001,0,270,0,0.04,161.71800000,160.72800000,130.84400,0.00
1680040800,-1500.00,20261001,1,270,1,0.04,161.34300000,160.72800000,130.84400,-1500.00
1680081300,0.00,20261001,0,272,0,0.01,162.60100000,161.33700000,132.84500,0.00
1680127200,766.00,20261001,1,272,1,0.01,163.36700000,161.33700000,132.84500,766.00
1680516900,0.00,20261001,0,274,0,0.04,164.44700000,163.42600000,132.39200,0.00
1680559200,-800.00,20261001,1,274,1,0.04,164.24700000,163.42600000,132.39200,-800.00
1680604200,0.00,20261001,0,276,0,0.01,165.13100000,164.16900000,131.68800,0.00
1680645600,-623.00,20261001,1,276,1,0.01,164.50800000,164.16900000,131.68800,-623.00
1680773400,0.00,20261001,0,278,0,0.04,163.59400000,162.89300000,131.75800,0.00
1680818400,1784.00,20261001,1,278,1,0.04,164.04000000,162.89300000,131.75800,1784.00
1681812900,0.00,20261001,0,280,0,0.01,166.90200000,166.15700000,134.09500,0.00
1681855200,-276.00,20261001,1,280,1,0.01,166.62600000,166.15700000,134.09500,-276.00
1681895700,0.00,20261001,0,282,0,0.01,167.26200000,166.48200000,134.69300,0.00
1681941600,309.00,20261001,1,282,1,0.01,167.57100000,166.48200000,134.69300,309.00
1682502300,0.00,20261001,0,284,0,0.01,166.30900000,165.64700000,133.65500,0.00
1682546400,25.00,20261001,1,284,1,0.01,166.33400000,165.64700000,133.65500,25.00
1683711000,0.00,20261001,0,286,0,0.01,170.93600000,170.36800000,134.28900,0.00
1683732629,-568.00,20261001,1,286,1,0.01,170.36800000,170.36800000,134.28900,-568.00
1683883800,0.00,20261001,0,288,0,0.01,168.68000000,168.06400000,135.71200,0.00
1683928800,225.00,20261001,1,288,1,0.01,168.90500000,168.06400000,135.71200,225.00
1684151100,0.00,20261001,0,290,0,0.01,169.93100000,168.76700000,136.10200,0.00
1684188000,560.00,20261001,1,290,1,0.01,170.49100000,168.76700000,136.10200,560.00
1685008800,0.00,20261001,0,292,0,0.04,172.48800000,171.67300000,140.04100,0.00
1685052000,-292.00,20261001,1,292,1,0.04,172.41500000,171.67300000,140.04100,-292.00
1685439000,0.00,20261001,0,294,0,0.01,173.79000000,173.08500000,139.77300,0.00
1685441428,-705.00,20261001,1,294,1,0.01,173.08500000,173.08500000,139.77300,-705.00
1685610900,0.00,20261001,0,296,0,0.01,173.67000000,172.96100000,138.78200,0.00
1685656800,252.00,20261001,1,296,1,0.01,173.92200000,172.96100000,138.78200,252.00
1686303900,0.00,20261001,0,298,0,0.01,175.19800000,174.18000000,139.36200,0.00
1686348000,112.00,20261001,1,298,1,0.01,175.31000000,174.18000000,139.36200,112.00
1686564900,0.00,20261001,0,300,0,0.01,175.55100000,174.97300000,139.58800,0.00
1686577521,-578.00,20261001,1,300,1,0.01,174.97300000,174.97300000,139.58800,-578.00
1686647700,0.00,20261001,0,302,0,0.01,175.23400000,174.45400000,140.20200,0.00
1686693600,1551.00,20261001,1,302,1,0.01,176.78500000,174.45400000,140.20200,1551.00
1686906900,0.00,20261001,0,304,0,0.01,180.02200000,178.82000000,141.87200,0.00
1686952800,1944.00,20261001,1,304,1,0.01,181.96600000,178.82000000,141.87200,1944.00
1687338900,0.00,20261001,0,306,0,0.01,181.30700000,180.31400000,141.85500,0.00
1687351324,-993.00,20261001,1,306,1,0.01,180.31400000,180.31400000,141.85500,-993.00
1687858200,0.00,20261001,0,308,0,0.01,182.97400000,182.21800000,144.05900,0.00
1687903200,692.00,20261001,1,308,1,0.01,183.66600000,182.21800000,144.05900,692.00
1689246900,0.00,20261001,0,310,0,0.01,180.50100000,179.48800000,138.03200,0.00
1689285600,729.00,20261001,1,310,1,0.01,181.23000000,179.48800000,138.03200,729.00
1689329700,0.00,20261001,0,312,0,0.04,181.40800000,180.19500000,138.78400,0.00
1689372000,1944.00,20261001,1,312,1,0.04,181.89400000,180.19500000,138.78400,1944.00
1689930900,0.00,20261001,0,314,0,0.01,180.89600000,179.90600000,141.82200,0.00
1689976800,1455.00,20261001,1,314,1,0.01,182.35100000,179.90600000,141.82200,1455.00
1690458300,0.00,20261001,0,316,0,0.01,181.80500000,180.81500000,139.37800,0.00
1690488257,-990.00,20261001,1,316,1,0.01,180.81500000,180.81500000,139.37800,-990.00
1690797600,0.00,20261001,0,318,0,0.01,182.63400000,180.87100000,142.25800,0.00
1690840800,4.00,20261001,1,318,1,0.01,182.63800000,180.87100000,142.25800,4.00
1691658900,0.00,20261001,0,320,0,0.01,183.38600000,182.63400000,144.71500,0.00
1691704800,304.00,20261001,1,320,1,0.01,183.69000000,182.63400000,144.71500,304.00
1692785700,0.00,20261001,0,322,0,0.01,185.87400000,185.39500000,144.82000,0.00
1692786700,-479.00,20261001,1,322,1,0.01,185.39500000,185.39500000,144.82000,-479.00
1693386900,0.00,20261001,0,324,0,0.01,184.71100000,184.12900000,146.21300,0.00
1693432800,1180.00,20261001,1,324,1,0.01,185.89100000,184.12900000,146.21300,1180.00
1693821600,0.00,20261001,0,326,0,0.01,184.43600000,183.80600000,146.46100,0.00
1693864800,608.00,20261001,1,326,1,0.01,185.04400000,183.80600000,146.46100,608.00
1694170800,0.00,20261001,0,328,0,0.01,184.15300000,183.05900000,147.78500,0.00
1694210400,-92.00,20261001,1,328,1,0.01,184.06100000,183.05900000,147.78500,-92.00
1694510100,0.00,20261001,0,330,0,0.01,183.85000000,183.20900000,147.07500,0.00
1694515658,-642.00,20261001,1,330,1,0.01,183.20800000,183.20900000,147.07500,-642.00
1694772900,0.00,20261001,0,332,0,0.01,183.60800000,182.76800000,147.81900,0.00
1694815200,-543.00,20261001,1,332,1,0.01,183.06500000,182.76800000,147.81900,-543.00
1695375900,0.00,20261001,0,334,0,0.01,182.19900000,181.20300000,148.35400,0.00
1695420000,-558.00,20261001,1,334,1,0.01,181.64100000,181.20300000,148.35400,-558.00
1695899700,0.00,20261001,0,336,0,0.04,181.73300000,181.08200000,149.29300,0.00
1695938400,1004.00,20261001,1,336,1,0.04,181.98400000,181.08200000,149.29300,1004.00
1696239900,0.00,20261001,0,338,0,0.01,182.67200000,182.08400000,149.84400,0.00
1696251160,-588.00,20261001,1,338,1,0.01,182.08400000,182.08400000,149.84400,-588.00
1696419900,0.00,20261001,0,340,0,0.01,180.37700000,179.68600000,149.11000,0.00
1696456800,524.00,20261001,1,340,1,0.01,180.90100000,179.68600000,149.11000,524.00
1696583700,0.00,20261001,0,342,0,0.01,181.25800000,180.77400000,149.27500,0.00
1696617516,1452.00,20261001,1,342,1,0.01,182.71000000,180.77400000,149.27500,1452.00
1696933800,0.00,20261001,0,344,0,0.01,182.13500000,181.54100000,148.69900,0.00
1696975200,495.00,20261001,1,344,1,0.01,182.63000000,181.54100000,148.69900,495.00
1697017500,0.00,20261001,0,346,0,0.01,183.10800000,182.35300000,149.14700,0.00
1697061600,543.00,20261001,1,346,1,0.01,183.65100000,182.35300000,149.14700,543.00
1697193000,0.00,20261001,0,348,0,0.01,182.84600000,182.26800000,149.57100,0.00
1697203708,-579.00,20261001,1,348,1,0.01,182.26700000,182.26800000,149.57100,-579.00
1697447700,0.00,20261001,0,350,0,0.01,181.86900000,181.06000000,149.49400,0.00
1697493600,733.00,20261001,1,350,1,0.01,182.60200000,181.06000000,149.49400,733.00
1698139800,0.00,20261001,0,352,0,0.01,183.71700000,183.05500000,149.90200,0.00
1698146246,-662.00,20261001,1,352,1,0.01,183.05500000,183.05500000,149.90200,-662.00
1698745500,0.00,20261001,0,354,0,0.01,182.53500000,181.14100000,151.53300,0.00
1698789600,1646.00,20261001,1,354,1,0.01,184.18100000,181.14100000,151.53300,1646.00
1699263000,0.00,20261001,0,356,0,0.01,185.30500000,184.54100000,150.06200,0.00
1699308000,-66.00,20261001,1,356,1,0.01,185.23900000,184.54100000,150.06200,-66.00
1699871400,0.00,20261001,0,358,0,0.01,185.85900000,184.91900000,151.70700,0.00
1699912800,269.00,20261001,1,358,1,0.01,186.12800000,184.91900000,151.70700,269.00
1699953300,0.00,20261001,0,360,0,0.01,186.34800000,185.92100000,150.36500,0.00
1699979234,1281.00,20261001,1,360,1,0.01,187.62900000,185.92100000,150.36500,1281.00
1700645400,0.00,20261001,0,362,0,0.01,186.54300000,185.63300000,149.52000,0.00
1700690400,284.00,20261001,1,362,1,0.01,186.82700000,185.63300000,149.52000,284.00
1700739900,0.00,20261001,0,364,0,0.04,187.38700000,186.28300000,149.54700,0.00
1700776800,324.00,20261001,1,364,1,0.04,187.46800000,186.28300000,149.54700,324.00
1700822700,0.00,20261001,0,366,0,0.04,187.70500000,187.10000000,149.39900,0.00
1700863200,3088.00,20261001,1,366,1,0.04,188.47700000,187.10000000,149.39900,3088.00
1701252900,0.00,20261001,0,368,0,0.04,187.33900000,186.61700000,147.22800,0.00
1701295200,-928.00,20261001,1,368,1,0.04,187.10700000,186.61700000,147.22800,-928.00
1701425700,0.00,20261001,0,370,0,0.01,187.41900000,186.67600000,146.81100,0.00
1701450032,-745.00,20261001,1,370,1,0.01,186.67400000,186.67600000,146.81100,-745.00
1702287900,0.00,20261001,0,372,0,0.01,183.32300000,181.55400000,146.13400,0.00
1702332000,170.00,20261001,1,372,1,0.01,183.49300000,181.55400000,146.13400,170.00
1702892700,0.00,20261001,0,374,0,0.01,180.73100000,179.84700000,142.71800,0.00
1702936800,-125.00,20261001,1,374,1,0.01,180.60600000,179.84700000,142.71800,-125.00
1702977300,0.00,20261001,0,376,0,0.01,182.32300000,180.03500000,143.81200,0.00
1703023200,765.00,20261001,1,376,1,0.01,183.08800000,180.03500000,143.81200,765.00
1703668500,0.00,20261001,0,378,0,0.01,181.76300000,180.93200000,141.81300,0.00
1703714400,-235.00,20261001,1,378,1,0.01,181.52800000,180.93200000,141.81300,-235.00
1704190500,0.00,20261001,0,380,0,0.01,180.33000000,179.07400000,141.97600,0.00
1704213942,-1256.00,20261001,1,380,1,0.01,179.07400000,179.07400000,141.97600,-1256.00
1704273300,0.00,20261001,0,382,0,0.01,179.77900000,178.90800000,143.27300,0.00
1704319200,1613.00,20261001,1,382,1,0.01,181.39200000,178.90800000,143.27300,1613.00
1704366000,0.00,20261001,0,384,0,0.01,182.38500000,181.00800000,144.61200,0.00
1704405600,982.00,20261001,1,384,1,0.01,183.36700000,181.00800000,144.61200,982.00
1704878100,0.00,20261001,0,386,0,0.01,184.14900000,183.36200000,145.73900,0.00
1704924000,1487.00,20261001,1,386,1,0.01,185.63600000,183.36200000,145.73900,1487.00
1705310100,0.00,20261001,0,388,0,0.01,185.42900000,184.56800000,145.66900,0.00
1705356000,112.00,20261001,1,388,1,0.01,185.54100000,184.56800000,145.66900,112.00
1705482900,0.00,20261001,0,390,0,0.01,186.83300000,185.77700000,148.14200,0.00
1705528800,1142.00,20261001,1,390,1,0.01,187.97500000,185.77700000,148.14200,1142.00
1706096700,0.00,20261001,0,392,0,0.04,188.35500000,187.62400000,147.49200,0.00
1706106455,-2928.00,20261001,1,392,1,0.04,187.62300000,187.62400000,147.49200,-2928.00
1706176800,0.00,20261001,0,394,0,0.01,188.01800000,187.42700000,147.64400,0.00
1706198678,-591.00,20261001,1,394,1,0.01,187.42700000,187.42700000,147.64400,-591.00
1706267700,0.00,20261001,0,396,0,0.04,188.08400000,187.42300000,148.11800,0.00
1706306400,280.00,20261001,1,396,1,0.04,188.15400000,187.42300000,148.11800,280.00
1706866200,0.00,20261001,0,398,0,0.01,186.83700000,186.26500000,148.37500,0.00
1706911200,625.00,20261001,1,398,1,0.01,187.46200000,186.26500000,148.37500,625.00
1707297300,0.00,20261001,0,400,0,0.01,186.63300000,186.17400000,148.17000,0.00
1707343200,434.00,20261001,1,400,1,0.01,187.06700000,186.17400000,148.17000,434.00
1707387300,0.00,20261001,0,402,0,0.01,187.99300000,186.86700000,149.30600,0.00
1707429600,460.00,20261001,1,402,1,0.01,188.45300000,186.86700000,149.30600,460.00
1707472800,0.00,20261001,0,404,0,0.01,188.73400000,188.19200000,149.25500,0.00
1707516000,-127.00,20261001,1,404,1,0.01,188.60700000,188.19200000,149.25500,-127.00
1708420500,0.00,20261001,0,406,0,0.01,189.37200000,188.93900000,149.99200,0.00
1708466400,-66.00,20261001,1,406,1,0.01,189.30600000,188.93900000,149.99200,-66.00
1708509600,0.00,20261001,0,408,0,0.01,189.64700000,189.18100000,150.28300,0.00
1708513781,-467.00,20261001,1,408,1,0.01,189.18000000,189.18100000,150.28300,-467.00
1708596000,0.00,20261001,0,410,0,0.01,190.28600000,189.83400000,150.51400,0.00
1708639200,291.00,20261001,1,410,1,0.01,190.57700000,189.83400000,150.51400,291.00
1708683300,0.00,20261001,0,412,0,0.01,190.81400000,190.39200000,150.46000,0.00
1708725600,-118.00,20261001,1,412,1,0.01,190.69600000,190.39200000,150.46000,-118.00
1708945200,0.00,20261001,0,414,0,0.04,190.80700000,190.33100000,150.68600,0.00
1708984800,1288.00,20261001,1,414,1,0.04,191.12900000,190.33100000,150.68600,1288.00
1709286300,0.00,20261001,0,416,0,0.01,190.04200000,189.08800000,150.06700,0.00
1709330400,36.00,20261001,1,416,1,0.01,190.07800000,189.08800000,150.06700,36.00
1709543700,0.00,20261001,0,418,0,0.01,190.47700000,189.67100000,150.51300,0.00
1709589600,581.00,20261001,1,418,1,0.01,191.05800000,189.67100000,150.51300,581.00
1710323100,0.00,20261001,0,420,0,0.04,188.98100000,188.40800000,147.74700,0.00
1710367200,292.00,20261001,1,420,1,0.04,189.05400000,188.40800000,147.74700,292.00
1710411300,0.00,20261001,0,422,0,0.01,189.29400000,188.75400000,148.30600,0.00
1710433241,-541.00,20261001,1,422,1,0.01,188.75300000,188.75400000,148.30600,-541.00
1710501300,0.00,20261001,0,424,0,0.04,189.34600000,188.84300000,148.98100,0.00
1710540000,2048.00,20261001,1,424,1,0.04,189.85800000,188.84300000,148.98100,2048.00
1710926100,0.00,20261001,0,426,0,0.01,192.79100000,191.78800000,151.24100,0.00
1710972000,-101.00,20261001,1,426,1,0.01,192.69000000,191.78800000,151.24100,-101.00
1711366200,0.00,20261001,0,428,0,0.01,190.86200000,190.33600000,151.39900,0.00
1711404000,565.00,20261001,1,428,1,0.01,191.42700000,190.33600000,151.39900,565.00
1712052900,0.00,20261001,0,430,0,0.04,190.48800000,190.03400000,151.54300,0.00
1712095200,208.00,20261001,1,430,1,0.04,190.54000000,190.03400000,151.54300,208.00
1712317500,0.00,20261001,0,432,0,0.04,191.37000000,190.67200000,151.59700,0.00
1712354400,412.00,20261001,1,432,1,0.04,191.47300000,190.67200000,151.59700,412.00
1712574900,0.00,20261001,0,434,0,0.01,191.83600000,191.27400000,151.78100,0.00
1712613600,265.00,20261001,1,434,1,0.01,192.10100000,191.27400000,151.78100,265.00
1712654100,0.00,20261001,0,436,0,0.01,192.30900000,191.90400000,151.73500,0.00
1712700000,-52.00,20261001,1,436,1,0.01,192.25700000,191.90400000,151.73500,-52.00
1712830500,0.00,20261001,0,438,0,0.04,192.19200000,191.55700000,153.25700,0.00
1712872800,696.00,20261001,1,438,1,0.04,192.36600000,191.55700000,153.25700,696.00
1714036500,0.00,20261001,0,440,0,0.01,194.21900000,193.16500000,155.64100,0.00
1714082400,426.00,20261001,1,440,1,0.01,194.64500000,193.16500000,155.64100,426.00
1714124700,0.00,20261001,0,442,0,0.01,195.42600000,194.34600000,158.29100,0.00
1714129300,-1080.00,20261001,1,442,1,0.01,194.34600000,194.34600000,158.29100,-1080.00
1714990500,0.00,20261001,0,444,0,0.01,193.22000000,191.60300000,153.86300,0.00
1715032800,211.00,20261001,1,444,1,0.01,193.43100000,191.60300000,153.86300,211.00
1716462900,0.00,20261001,0,446,0,0.01,199.64100000,199.18400000,156.88600,0.00
1716466598,-457.00,20261001,1,446,1,0.01,199.18400000,199.18400000,156.88600,-457.00
1716551100,0.00,20261001,0,448,0,0.01,199.46900000,198.97700000,156.90100,0.00
1716588000,445.00,20261001,1,448,1,0.01,199.91400000,198.97700000,156.90100,445.00
1716805800,0.00,20261001,0,450,0,0.04,200.00800000,199.60700000,156.82800,0.00
1716847200,1152.00,20261001,1,450,1,0.04,200.29600000,199.60700000,156.82800,1152.00
1717155000,0.00,20261001,0,452,0,0.04,199.92100000,199.23600000,157.28100,0.00
1717192800,1164.00,20261001,1,452,1,0.04,200.21200000,199.23600000,157.28100,1164.00
1717666200,0.00,20261001,0,454,0,0.04,199.68900000,198.96200000,155.58400,0.00
1717711200,-2060.00,20261001,1,454,1,0.04,199.17400000,198.96200000,155.58400,-2060.00
1718106300,0.00,20261001,0,456,0,0.01,200.36900000,199.71400000,157.08000,0.00
1718125477,-655.00,20261001,1,456,1,0.01,199.71400000,199.71400000,157.08000,-655.00
1718183700,0.00,20261001,0,458,0,0.01,200.46600000,199.91800000,156.69800,0.00
1718229600,164.00,20261001,1,458,1,0.01,200.63000000,199.91800000,156.69800,164.00
1718270100,0.00,20261001,0,460,0,0.01,200.84800000,200.31800000,156.96700,0.00
1718301639,-531.00,20261001,1,460,1,0.01,200.31700000,200.31800000,156.96700,-531.00
1718704800,0.00,20261001,0,462,0,0.01,200.64200000,200.02500000,157.84200,0.00
1718724615,-617.00,20261001,1,462,1,0.01,200.02500000,200.02500000,157.84200,-617.00
1718880300,0.00,20261001,0,464,0,0.04,201.17100000,200.64500000,158.92500,0.00
1718920800,132.00,20261001,1,464,1,0.04,201.20400000,200.64500000,158.92500,132.00
1719227700,0.00,20261001,0,466,0,0.01,202.21100000,201.70700000,159.52900,0.00
1719234389,-508.00,20261001,1,466,1,0.01,201.70300000,201.70700000,159.52900,-508.00
1719825300,0.00,20261001,0,468,0,0.01,204.09800000,203.07400000,161.43100,0.00
1719871200,75.00,20261001,1,468,1,0.01,204.17300000,203.07400000,161.43100,75.00
1719999000,0.00,20261001,0,470,0,0.01,205.32000000,204.56200000,161.65100,0.00
1720044000,568.00,20261001,1,470,1,0.01,205.88800000,204.56200000,161.65100,568.00
1720433700,0.00,20261001,0,472,0,0.01,206.03900000,205.29000000,160.80000,0.00
1720476000,-42.00,20261001,1,472,1,0.01,205.99700000,205.29000000,160.80000,-42.00
1720610100,0.00,20261001,0,474,0,0.01,206.67800000,206.01600000,161.66700,0.00
1720648800,1133.00,20261001,1,474,1,0.01,207.81100000,206.01600000,161.66700,1133.00
1720689300,0.00,20261001,0,476,0,0.01,208.02800000,207.55600000,158.76100,0.00
1720711804,-475.00,20261001,1,476,1,0.01,207.55300000,207.55600000,158.76100,-475.00
1721993400,0.00,20261001,0,478,0,0.04,198.45300000,197.17200000,153.72100,0.00
1722014368,-5132.00,20261001,1,478,1,0.04,197.17000000,197.17200000,153.72100,-5132.00
1722331800,0.00,20261001,0,480,0,0.01,199.08400000,197.48900000,152.66700,0.00
1722362680,-1599.00,20261001,1,480,1,0.01,197.48500000,197.48900000,152.66700,-1599.00
1723455000,0.00,20261001,0,482,0,0.01,188.13600000,186.80300000,147.18000,0.00
1723500000,-52.00,20261001,1,482,1,0.01,188.08400000,186.80300000,147.18000,-52.00
1723540500,0.00,20261001,0,484,0,0.01,188.99500000,187.57900000,146.82100,0.00
1723586400,-254.00,20261001,1,484,1,0.01,188.74100000,187.57900000,146.82100,-254.00
1724231700,0.00,20261001,0,486,0,0.01,189.99900000,188.92500000,145.11700,0.00
1724277600,-301.00,20261001,1,486,1,0.01,189.69800000,188.92500000,145.11700,-301.00
1724753700,0.00,20261001,0,488,0,0.01,191.42000000,190.23300000,143.91900,0.00
1724796000,-469.00,20261001,1,488,1,0.01,190.95100000,190.23300000,143.91900,-469.00
1724928300,0.00,20261001,0,490,0,0.01,191.39900000,190.24200000,144.97200,0.00
1724968800,-714.00,20261001,1,490,1,0.01,190.68500000,190.24200000,144.97200,-714.00
1725275700,0.00,20261001,0,492,0,0.01,192.64100000,191.32500000,146.87400,0.00
1725314400,473.00,20261001,1,492,1,0.01,193.11400000,191.32500000,146.87400,473.00
1725961500,0.00,20261001,0,494,0,0.04,187.76300000,186.77600000,142.42700,0.00
1725983081,-3948.00,20261001,1,494,1,0.04,186.77600000,186.77600000,142.42700,-3948.00
1726137000,0.00,20261001,0,496,0,0.01,186.58300000,185.41600000,141.79900,0.00
1726155014,-1167.00,20261001,1,496,1,0.01,185.41600000,185.41600000,141.79900,-1167.00
1726826400,0.00,20261001,0,498,0,0.04,190.53600000,188.69400000,143.76200,0.00
1726869600,4268.00,20261001,1,498,1,0.04,191.60300000,188.69400000,143.76200,4268.00
1727172000,0.00,20261001,0,500,0,0.01,192.83500000,191.33600000,143.19700,0.00
1727215200,-697.00,20261001,1,500,1,0.01,192.13800000,191.33600000,143.19700,-697.00
1727261100,0.00,20261001,0,502,0,0.01,192.59600000,191.75100000,144.73900,0.00
1727301600,114.00,20261001,1,502,1,0.01,192.71000000,191.75100000,144.73900,114.00
1727345700,0.00,20261001,0,504,0,0.01,193.60900000,192.50600000,144.79900,0.00
1727388000,463.00,20261001,1,504,1,0.01,194.07200000,192.50600000,144.79900,463.00
1727865900,0.00,20261001,0,506,0,0.01,191.59500000,190.41000000,146.44500,0.00
1727906400,2447.00,20261001,1,506,1,0.01,194.04200000,190.41000000,146.44500,2447.00
1729593900,0.00,20261001,0,508,0,0.01,196.45400000,195.42600000,151.03400,0.00
1729613371,-1029.00,20261001,1,508,1,0.01,195.42500000,195.42600000,151.03400,-1029.00
1729768500,0.00,20261001,0,510,0,0.04,197.45900000,196.64300000,151.81400,0.00
1729796945,-3268.00,20261001,1,510,1,0.04,196.64200000,196.64300000,151.81400,-3268.00
1729855800,0.00,20261001,0,512,0,0.04,197.28000000,196.37900000,152.25200,0.00
1729893600,620.00,20261001,1,512,1,0.04,197.43500000,196.37900000,152.25200,620.00
1730201400,0.00,20261001,0,514,0,0.04,198.99600000,198.03600000,153.34200,0.00
1730239200,2088.00,20261001,1,514,1,0.04,199.51800000,198.03600000,153.34200,2088.00
1730459700,0.00,20261001,0,516,0,0.01,196.99000000,195.76500000,152.94100,0.00
1730498400,728.00,20261001,1,516,1,0.01,197.71800000,195.76500000,152.94100,728.00
1731493800,0.00,20261001,0,518,0,0.01,197.67400000,196.82200000,155.44700,0.00
1731514182,-852.00,20261001,1,518,1,0.01,196.82200000,196.82200000,155.44700,-852.00
1732094100,0.00,20261001,0,520,0,0.01,197.61400000,195.89600000,155.37000,0.00
1732140000,-1118.00,20261001,1,520,1,0.01,196.49600000,195.89600000,155.37000,-1118.00
1733219100,0.00,20261001,0,522,0,0.01,189.98800000,189.14200000,149.57900,0.00
1733239360,-854.00,20261001,1,522,1,0.01,189.13400000,189.14200000,149.57900,-854.00
1733303700,0.00,20261001,0,524,0,0.01,190.63300000,189.35100000,150.54200,0.00
1733349600,429.00,20261001,1,524,1,0.01,191.06200000,189.35100000,150.54200,429.00
1733480100,0.00,20261001,0,526,0,0.04,191.92400000,190.91800000,149.88200,0.00
1733502401,-4028.00,20261001,1,526,1,0.04,190.91700000,190.91800000,149.88200,-4028.00
1733736600,0.00,20261001,0,528,0,0.01,191.36100000,190.59500000,151.14300,0.00
1733781600,1520.00,20261001,1,528,1,0.01,192.88100000,190.59500000,151.14300,1520.00
1733825700,0.00,20261001,0,530,0,0.01,193.33900000,192.44800000,151.92000,0.00
1733868000,724.00,20261001,1,530,1,0.01,194.06300000,192.44800000,151.92000,724.00
1733916600,0.00,20261001,0,532,0,0.04,194.22600000,193.42500000,152.43500,0.00
1733954400,1252.00,20261001,1,532,1,0.04,194.53900000,193.42500000,152.43500,1252.00
1734349500,0.00,20261001,0,534,0,0.01,194.67600000,193.56400000,154.08300,0.00
1734386400,809.00,20261001,1,534,1,0.01,195.48500000,193.56400000,154.08300,809.00
1736158500,0.00,20261001,0,536,0,0.01,196.55400000,195.09000000,157.51700,0.00
1736200800,568.00,20261001,1,536,1,0.01,197.12200000,195.09000000,157.51700,568.00
1738919700,0.00,20261001,0,538,0,0.01,188.78800000,187.64100000,151.31000,0.00
1738952142,-1160.00,20261001,1,538,1,0.01,187.62800000,187.64100000,151.31000,-1160.00
1739179800,0.00,20261001,0,540,0,0.01,188.68900000,187.08700000,151.98400,0.00
1739224800,-750.00,20261001,1,540,1,0.01,187.93900000,187.08700000,151.98400,-750.00
1739354400,0.00,20261001,0,542,0,0.01,191.44500000,189.47400000,154.40700,0.00
1739397600,753.00,20261001,1,542,1,0.01,192.19800000,189.47400000,154.40700,753.00
1739440800,0.00,20261001,0,544,0,0.01,192.99500000,191.88300000,152.79200,0.00
1739454391,-1112.00,20261001,1,544,1,0.01,191.88300000,191.88300000,152.79200,-1112.00
1739531700,0.00,20261001,0,546,0,0.04,192.37200000,191.47300000,152.21300,0.00
1739570400,-2656.00,20261001,1,546,1,0.04,191.70800000,191.47300000,152.21300,-2656.00
1739872800,0.00,20261001,0,548,0,0.01,191.81000000,190.82900000,152.04800,0.00
1739916000,-425.00,20261001,1,548,1,0.01,191.38500000,190.82900000,152.04800,-425.00
1740652200,0.00,20261001,0,550,0,0.01,189.40300000,188.56500000,149.79700,0.00
1740693600,-461.00,20261001,1,550,1,0.01,188.94200000,188.56500000,149.79700,-461.00
1740735900,0.00,20261001,0,552,0,0.04,189.14800000,187.67400000,150.56500,0.00
1740780000,420.00,20261001,1,552,1,0.04,189.25300000,187.67400000,150.56500,420.00
1741685400,0.00,20261001,0,554,0,0.04,189.92900000,188.79100000,147.76300,0.00
1741730400,6636.00,20261001,1,554,1,0.04,191.58800000,188.79100000,147.76300,6636.00
1741776300,0.00,20261001,0,556,0,0.01,191.89800000,190.99400000,148.23700,0.00
1741816800,465.00,20261001,1,556,1,0.01,192.36300000,190.99400000,148.23700,465.00
1741945500,0.00,20261001,0,558,0,0.01,192.45800000,191.15200000,148.61300,0.00
1741989600,-373.00,20261001,1,558,1,0.01,192.08500000,191.15200000,148.61300,-373.00
1742289300,0.00,20261001,0,560,0,0.01,194.29600000,193.61000000,149.25600,0.00
1742335200,-217.00,20261001,1,560,1,0.01,194.07900000,193.61000000,149.25600,-217.00
1742811300,0.00,20261001,0,562,0,0.01,193.94200000,192.49900000,150.68400,0.00
1742853600,645.00,20261001,1,562,1,0.01,194.58700000,192.49900000,150.68400,645.00
1743067800,0.00,20261001,0,564,0,0.04,194.29100000,193.49700000,151.03600,0.00
1743112800,5576.00,20261001,1,564,1,0.04,195.68500000,193.49700000,151.03600,5576.00
1744630200,0.00,20261001,0,566,0,0.04,188.56300000,186.57600000,142.94600,0.00
1744668000,16.00,20261001,1,566,1,0.04,188.56700000,186.57600000,142.94600,16.00
1744881300,0.00,20261001,0,568,0,0.01,188.66200000,187.44700000,142.33800,0.00
1744927200,305.00,20261001,1,568,1,0.01,188.96700000,187.44700000,142.33800,305.00
1745839800,0.00,20261001,0,570,0,0.01,191.34100000,190.66300000,141.99100,0.00
1745877600,-527.00,20261001,1,570,1,0.01,190.81400000,190.66300000,141.99100,-527.00
1746091800,0.00,20261001,0,572,0,0.01,191.75000000,190.33600000,145.35600,0.00
1746136800,1674.00,20261001,1,572,1,0.01,193.42400000,190.33600000,145.35600,1674.00
1746616500,0.00,20261001,0,574,0,0.01,191.37400000,190.30800000,143.80000,0.00
1746655200,-182.00,20261001,1,574,1,0.01,191.19200000,190.30800000,143.80000,-182.00
1746697500,0.00,20261001,0,576,0,0.01,191.84000000,190.90800000,145.90300,0.00
1746741600,1462.00,20261001,1,576,1,0.01,193.30200000,190.90800000,145.90300,1462.00
1747044900,0.00,20261001,0,578,0,0.01,194.56000000,193.62600000,148.44300,0.00
1747087200,945.00,20261001,1,578,1,0.01,195.50500000,193.62600000,148.44300,945.00
1747650600,0.00,20261001,0,580,0,0.01,193.38400000,192.55600000,144.84000,0.00
1747692000,232.00,20261001,1,580,1,0.01,193.61600000,192.55600000,144.84000,232.00
1748251800,0.00,20261001,0,582,0,0.01,194.04100000,192.57000000,142.82300,0.00
1748296800,-433.00,20261001,1,582,1,0.01,193.60800000,192.57000000,142.82300,-433.00
1748339100,0.00,20261001,0,584,0,0.01,194.28900000,193.05700000,144.31600,0.00
1748383200,629.00,20261001,1,584,1,0.01,194.91800000,193.05700000,144.31600,629.00
1748859300,0.00,20261001,0,586,0,0.01,193.83300000,193.32100000,142.65100,0.00
1748871095,-512.00,20261001,1,586,1,0.01,193.32100000,193.32100000,142.65100,-512.00
1749114900,0.00,20261001,0,588,0,0.01,193.95800000,193.25100000,143.41900,0.00
1749160800,1089.00,20261001,1,588,1,0.01,195.04700000,193.25100000,143.41900,1089.00
1750069800,0.00,20261001,0,590,0,0.01,196.14000000,194.87500000,144.70600,0.00
1750111200,455.00,20261001,1,590,1,0.01,196.59500000,194.87500000,144.70600,455.00
1750328100,0.00,20261001,0,592,0,0.04,194.81500000,194.00900000,145.40800,0.00
1750370400,3928.00,20261001,1,592,1,0.04,195.79700000,194.00900000,145.40800,3928.00
1750843800,0.00,20261001,0,594,0,0.01,197.82900000,196.99600000,145.17200,0.00
1750888800,486.00,20261001,1,594,1,0.01,198.31500000,196.99600000,145.17200,486.00
1751535000,0.00,20261001,0,596,0,0.01,196.34400000,195.58300000,144.91000,0.00
1751580000,1595.00,20261001,1,596,1,0.01,197.93900000,195.58300000,144.91000,1595.00
1752139800,0.00,20261001,0,598,0,0.01,199.13100000,198.37200000,146.24000,0.00
1752184800,-616.00,20261001,1,598,1,0.01,198.51500000,198.37200000,146.24000,-616.00
1752743700,0.00,20261001,0,600,0,0.01,199.06500000,198.13800000,148.50900,0.00
1752789600,366.00,20261001,1,600,1,0.01,199.43100000,198.13800000,148.50900,366.00
1752831900,0.00,20261001,0,602,0,0.01,199.75100000,199.10100000,148.75100,0.00
1752876000,-158.00,20261001,1,602,1,0.01,199.59300000,199.10100000,148.75100,-158.00
1753176600,0.00,20261001,0,604,0,0.01,199.13500000,198.42300000,146.60300,0.00
1753195237,-712.00,20261001,1,604,1,0.01,198.42300000,198.42300000,146.60300,-712.00
1753700400,0.00,20261001,0,606,0,0.01,198.85400000,198.24400000,148.43000,0.00
1753740000,-486.00,20261001,1,606,1,0.01,198.36800000,198.24400000,148.43000,-486.00
1753958700,0.00,20261001,0,608,0,0.04,198.26700000,196.96100000,150.70400,0.00
1753999200,4044.00,20261001,1,608,1,0.04,199.27800000,196.96100000,150.70400,4044.00
1754304300,0.00,20261001,0,610,0,0.01,196.44100000,195.27400000,147.06600,0.00
1754339499,-1167.00,20261001,1,610,1,0.01,195.27400000,195.27400000,147.06600,-1167.00
1754387100,0.00,20261001,0,612,0,0.01,195.62400000,195.02500000,147.59400,0.00
1754431200,614.00,20261001,1,612,1,0.01,196.23800000,195.02500000,147.59400,614.00
1754649900,0.00,20261001,0,614,0,0.01,198.13400000,197.38500000,147.65300,0.00
1754690400,512.00,20261001,1,614,1,0.01,198.64600000,197.38500000,147.65300,512.00
1754903700,0.00,20261001,0,616,0,0.01,198.75500000,198.10100000,148.12900,0.00
1754949600,263.00,20261001,1,616,1,0.01,199.01800000,198.10100000,148.12900,263.00
1754993700,0.00,20261001,0,618,0,0.01,199.40300000,198.72600000,147.80100,0.00
1755036000,-32.00,20261001,1,618,1,0.01,199.37100000,198.72600000,147.80100,-32.00
1755687600,0.00,20261001,0,620,0,0.04,199.42700000,198.63000000,147.31800,0.00
1755705504,-3188.00,20261001,1,620,1,0.04,198.63000000,198.63000000,147.31800,-3188.00
1755773100,0.00,20261001,0,622,0,0.01,198.45200000,197.99700000,148.35400,0.00
1755813600,581.00,20261001,1,622,1,0.01,199.03300000,197.99700000,148.35400,581.00
1756725300,0.00,20261001,0,624,0,0.01,199.10100000,198.23300000,147.16300,0.00
1756764000,284.00,20261001,1,624,1,0.01,199.38500000,198.23300000,147.16300,284.00
1756804500,0.00,20261001,0,626,0,0.01,200.15700000,199.02200000,148.34700,0.00
1756811142,-1136.00,20261001,1,626,1,0.01,199.02100000,199.02200000,148.34700,-1136.00
1756899000,0.00,20261001,0,628,0,0.04,199.09300000,198.48200000,148.06100,0.00
1756936800,-800.00,20261001,1,628,1,0.04,198.89300000,198.48200000,148.06100,-800.00
1756982700,0.00,20261001,0,630,0,0.04,199.18900000,198.77700000,148.47100,0.00
1757023200,1076.00,20261001,1,630,1,0.04,199.45800000,198.77700000,148.47100,1076.00
1757063700,0.00,20261001,0,632,0,0.01,199.59100000,199.20100000,147.35000,0.00
1757086230,-392.00,20261001,1,632,1,0.01,199.19900000,199.20100000,147.35000,-392.00
1757674800,0.00,20261001,0,634,0,0.04,200.01800000,199.62000000,147.56000,0.00
1757714400,456.00,20261001,1,634,1,0.04,200.13200000,199.62000000,147.56000,456.00
1757934900,0.00,20261001,0,636,0,0.01,200.33400000,199.84000000,147.31100,0.00
1757973600,100.00,20261001,1,636,1,0.01,200.43400000,199.84000000,147.31100,100.00
1758186900,0.00,20261001,0,638,0,0.01,200.45300000,199.98400000,147.97900,0.00
1758232800,-32.00,20261001,1,638,1,0.01,200.42100000,199.98400000,147.97900,-32.00
1758625200,0.00,20261001,0,640,0,0.01,199.74000000,199.33400000,147.56800,0.00
1758627159,-406.00,20261001,1,640,1,0.01,199.33400000,199.33400000,147.56800,-406.00
1758791700,0.00,20261001,0,642,0,0.01,200.25700000,199.87100000,149.77600,0.00
1758810920,-386.00,20261001,1,642,1,0.01,199.87100000,199.87100000,149.77600,-386.00
1758878100,0.00,20261001,0,644,0,0.01,199.99100000,199.58100000,149.42900,0.00
1758924000,399.00,20261001,1,644,1,0.01,200.39000000,199.58100000,149.42900,399.00
1759398300,0.00,20261001,0,646,0,0.01,198.50400000,198.03100000,147.20100,0.00
1759407965,-473.00,20261001,1,646,1,0.01,198.03100000,198.03100000,147.20100,-473.00
1759921200,0.00,20261001,0,648,0,0.01,204.67800000,203.72100000,152.67200,0.00
1759960800,-210.00,20261001,1,648,1,0.01,204.46800000,203.72100000,152.67200,-210.00
1760351400,0.00,20261001,0,650,0,0.01,203.15500000,202.26100000,152.26000,0.00
1760392800,-106.00,20261001,1,650,1,0.01,203.04900000,202.26100000,152.26000,-106.00
1760607900,0.00,20261001,0,652,0,0.01,202.86600000,201.99000000,150.41300,0.00
1760643103,-876.00,20261001,1,652,1,0.01,201.99000000,201.99000000,150.41300,-876.00
1761038100,0.00,20261001,0,654,0,0.01,202.71400000,201.59600000,151.91600,0.00
1761084000,427.00,20261001,1,654,1,0.01,203.14100000,201.59600000,151.91600,427.00
1761210900,0.00,20261001,0,656,0,0.01,203.45100000,202.74800000,152.53600,0.00
1761256800,-235.00,20261001,1,656,1,0.01,203.21600000,202.74800000,152.53600,-235.00
1761298200,0.00,20261001,0,658,0,0.01,203.88200000,203.09300000,152.74000,0.00
1761328598,-790.00,20261001,1,658,1,0.01,203.09200000,203.09300000,152.74000,-790.00
1761817500,0.00,20261001,0,660,0,0.01,202.61800000,200.97800000,154.11100,0.00
1761861600,-51.00,20261001,1,660,1,0.01,202.56700000,200.97800000,154.11100,-51.00
1761907500,0.00,20261001,0,662,0,0.04,202.79400000,202.17300000,153.95800,0.00
1761923344,-2496.00,20261001,1,662,1,0.04,202.17000000,202.17300000,153.95800,-2496.00
1762337700,0.00,20261001,0,664,0,0.01,200.39400000,199.05900000,154.10400,0.00
1762380000,649.00,20261001,1,664,1,0.01,201.04300000,199.05900000,154.10400,649.00
1762766100,0.00,20261001,0,666,0,0.01,202.67700000,201.74200000,154.12900,0.00
1762812000,359.00,20261001,1,666,1,0.01,203.03600000,201.74200000,154.12900,359.00
1762942500,0.00,20261001,0,668,0,0.01,203.54800000,202.54700000,154.78200,0.00
1762984800,-409.00,20261001,1,668,1,0.01,203.13900000,202.54700000,154.78200,-409.00
1763979300,0.00,20261001,0,670,0,0.01,205.40100000,204.64500000,156.83100,0.00
1764021600,60.00,20261001,1,670,1,0.01,205.46100000,204.64500000,156.83100,60.00
1764150300,0.00,20261001,0,672,0,0.01,206.10200000,205.19900000,156.45100,0.00
1764194400,963.00,20261001,1,672,1,0.01,207.06500000,205.19900000,156.45100,963.00
1764666900,0.00,20261001,0,674,0,0.01,205.95100000,205.29300000,155.81400,0.00
1764712800,-17.00,20261001,1,674,1,0.01,205.93400000,205.29300000,155.81400,-17.00
1764754200,0.00,20261001,0,676,0,0.01,206.15700000,205.58700000,155.21400,0.00
1764799200,970.00,20261001,1,676,1,0.01,207.12700000,205.58700000,155.21400,970.00
1764934200,0.00,20261001,0,678,0,0.04,206.84300000,206.21000000,155.21400,0.00
1764972000,872.00,20261001,1,678,1,0.04,207.06100000,206.21000000,155.21400,872.00
1765190700,0.00,20261001,0,680,0,0.01,207.11600000,206.52700000,155.90900,0.00
1765231200,653.00,20261001,1,680,1,0.01,207.76900000,206.52700000,155.90900,653.00
1765274400,0.00,20261001,0,682,0,0.01,208.17900000,207.42800000,156.84900,0.00
1765317600,446.00,20261001,1,682,1,0.01,208.62500000,207.42800000,156.84900,446.00
1765359900,0.00,20261001,0,684,0,0.01,208.75800000,208.22800000,155.93100,0.00
1765404000,75.00,20261001,1,684,1,0.01,208.83300000,208.22800000,155.93100,75.00
1765885500,0.00,20261001,0,686,0,0.04,207.67800000,206.76600000,154.70000,0.00
1765922400,-124.00,20261001,1,686,1,0.04,207.64700000,206.76600000,154.70000,-124.00
1766049300,0.00,20261001,0,688,0,0.01,208.42900000,207.85400000,155.52100,0.00
1766066405,-575.00,20261001,1,688,1,0.01,207.85400000,207.85400000,155.52100,-575.00
1766395800,0.00,20261001,0,690,0,0.04,211.03600000,210.45200000,157.03100,0.00
1766440800,492.00,20261001,1,690,1,0.04,211.15900000,210.45200000,157.03100,492.00
1767951900,0.00,20261001,0,692,0,0.01,211.41400000,210.41200000,157.82700,0.00
1767996000,250.00,20261001,1,692,1,0.01,211.66400000,210.41200000,157.82700,250.00
1768216500,0.00,20261001,0,694,0,0.01,212.39500000,211.57900000,158.04000,0.00
1768255200,548.00,20261001,1,694,1,0.01,212.94300000,211.57900000,158.04000,548.00
1768468500,0.00,20261001,0,696,0,0.01,213.18900000,212.56000000,158.58300,0.00
1768488998,-630.00,20261001,1,696,1,0.01,212.55900000,212.56000000,158.58300,-630.00
1768815000,0.00,20261001,0,698,0,0.01,211.65100000,210.57200000,158.03900,0.00
1768860000,588.00,20261001,1,698,1,0.01,212.23900000,210.57200000,158.03900,588.00
1768900500,0.00,20261001,0,700,0,0.01,212.95800000,211.84000000,158.12600,0.00
1768946400,-418.00,20261001,1,700,1,0.01,212.54000000,211.84000000,158.12600,-418.00
1769074200,0.00,20261001,0,702,0,0.01,213.32600000,212.31600000,158.31000,0.00
1769119200,368.00,20261001,1,702,1,0.01,213.69400000,212.31600000,158.31000,368.00
1769159700,0.00,20261001,0,704,0,0.01,214.41100000,213.52600000,155.64700,0.00
1769161410,-891.00,20261001,1,704,1,0.01,213.52000000,213.52600000,155.64700,-891.00
1769679000,0.00,20261001,0,706,0,0.01,212.05200000,211.32300000,153.08100,0.00
1769706879,-729.00,20261001,1,706,1,0.01,211.32300000,211.32300000,153.08100,-729.00
1769772600,0.00,20261001,0,708,0,0.01,211.95800000,211.10600000,154.76500,0.00
1769810400,-286.00,20261001,1,708,1,0.01,211.67200000,211.10600000,154.76500,-286.00
1770119100,0.00,20261001,0,710,0,0.01,213.07000000,212.36400000,155.70700,0.00
1770156000,144.00,20261001,1,710,1,0.01,213.21400000,212.36400000,155.70700,144.00
1770199200,0.00,20261001,0,712,0,0.01,214.55100000,213.01700000,156.82000,0.00
1770242400,-290.00,20261001,1,712,1,0.01,214.26100000,213.01700000,156.82000,-290.00
1770376500,0.00,20261001,0,714,0,0.01,213.08100000,211.59400000,157.08000,0.00
1770415200,829.00,20261001,1,714,1,0.01,213.91000000,211.59400000,157.08000,829.00
1770975900,0.00,20261001,0,716,0,0.01,208.93900000,207.70800000,152.61300,0.00
1771020000,-506.00,20261001,1,716,1,0.01,208.43300000,207.70800000,152.61300,-506.00
1771233300,0.00,20261001,0,718,0,0.01,209.09800000,207.98000000,153.41200,0.00
1771279200,127.00,20261001,1,718,1,0.01,209.22500000,207.98000000,153.41200,127.00
1771407900,0.00,20261001,0,720,0,0.01,208.33700000,207.55700000,154.78400,0.00
1771452000,534.00,20261001,1,720,1,0.01,208.87100000,207.55700000,154.78400,534.00
1771844400,0.00,20261001,0,722,0,0.01,209.11300000,208.20800000,154.59100,0.00
1771873992,-905.00,20261001,1,722,1,0.01,208.20800000,208.20800000,154.59100,-905.00
1771924500,0.00,20261001,0,724,0,0.01,209.88100000,208.42400000,155.81000,0.00
1771970400,442.00,20261001,1,724,1,0.01,210.32300000,208.42400000,155.81000,442.00
1772013600,0.00,20261001,0,726,0,0.01,210.90700000,209.99800000,156.28600,0.00
1772056800,1073.00,20261001,1,726,1,0.01,211.98000000,209.99800000,156.28600,1073.00
1773053100,0.00,20261001,0,728,0,0.01,211.42400000,210.60200000,157.64400,0.00
1773093600,584.00,20261001,1,728,1,0.01,212.00800000,210.60200000,157.64400,584.00
1773138600,0.00,20261001,0,730,0,0.01,212.05600000,211.54400000,158.03000,0.00
1773180000,-73.00,20261001,1,730,1,0.01,211.98300000,211.54400000,158.03000,-73.00
1773998100,0.00,20261001,0,732,0,0.01,212.38100000,211.56500000,159.21500,0.00
1774044000,-33.00,20261001,1,732,1,0.01,212.34800000,211.56500000,159.21500,-33.00
1774347300,0.00,20261001,0,734,0,0.04,212.94900000,212.28100000,158.69300,0.00
1774353040,-2672.00,20261001,1,734,1,0.04,212.28100000,212.28100000,158.69300,-2672.00
1774607400,0.00,20261001,0,736,0,0.01,213.07600000,212.59300000,160.24000,0.00
1774622297,-483.00,20261001,1,736,1,0.01,212.59300000,212.59300000,160.24000,-483.00
1775041200,0.00,20261001,0,738,0,0.01,210.56000000,209.66100000,158.78300,0.00
1775080800,638.00,20261001,1,738,1,0.01,211.19800000,209.66100000,158.78300,638.00
1775213100,0.00,20261001,0,740,0,0.01,211.29300000,210.57300000,159.50100,0.00
1775230242,-721.00,20261001,1,740,1,0.01,210.57200000,210.57300000,159.50100,-721.00
1775469600,0.00,20261001,0,742,0,0.01,210.99500000,210.22500000,159.67500,0.00
1775512800,387.00,20261001,1,742,1,0.01,211.38200000,210.22500000,159.67500,387.00
1775554200,0.00,20261001,0,744,0,0.01,211.54900000,211.08700000,159.52900,0.00
1775599200,375.00,20261001,1,744,1,0.01,211.92400000,211.08700000,159.52900,375.00
1775729700,0.00,20261001,0,746,0,0.01,212.81000000,212.16600000,158.91900,0.00
1775772000,778.00,20261001,1,746,1,0.01,213.58800000,212.16600000,158.91900,778.00
1775812500,0.00,20261001,0,748,0,0.01,213.76200000,213.35200000,159.18600,0.00
1775858400,771.00,20261001,1,748,1,0.01,214.53300000,213.35200000,159.18600,771.00
1776075300,0.00,20261001,0,750,0,0.01,214.27400000,213.52500000,159.43400,0.00
1776117600,936.00,20261001,1,750,1,0.01,215.21000000,213.52500000,159.43400,936.00
1776330900,0.00,20261001,0,752,0,0.01,215.71800000,215.10700000,159.09200,0.00
1776376800,-285.00,20261001,1,752,1,0.01,215.43300000,215.10700000,159.09200,-285.00
1776855600,0.00,20261001,0,754,0,0.01,215.37600000,214.98300000,159.45600,0.00
1776869739,-395.00,20261001,1,754,1,0.01,214.98100000,214.98300000,159.45600,-395.00
1777030200,0.00,20261001,0,756,0,0.01,215.31600000,214.81700000,159.29100,0.00
1777068000,352.00,20261001,1,756,1,0.01,215.66800000,214.81700000,159.29100,352.00
1777540500,0.00,20261001,0,758,0,0.01,216.28200000,215.85600000,156.55500,0.00
1777546651,-428.00,20261001,1,758,1,0.01,215.85400000,215.85600000,156.55500,-428.00
1778231700,0.00,20261001,0,760,0,0.01,212.97500000,212.26700000,156.62100,0.00
1778277600,467.00,20261001,1,760,1,0.01,213.44200000,212.26700000,156.62100,467.00
1779095700,0.00,20261001,0,762,0,0.01,211.92600000,211.15900000,158.81800,0.00
1779141600,1268.00,20261001,1,762,1,0.01,213.19400000,211.15900000,158.81800,1268.00
1779449400,0.00,20261001,0,764,0,0.01,213.70400000,213.12900000,159.12000,0.00
1779487200,275.00,20261001,1,764,1,0.01,213.97900000,213.12900000,159.12000,275.00
1779704100,0.00,20261001,0,766,0,0.01,214.36000000,213.47300000,158.87700,0.00
1779746400,267.00,20261001,1,766,1,0.01,214.62700000,213.47300000,158.87700,267.00
1780305300,0.00,20261001,0,768,0,0.01,214.76600000,214.27000000,159.63100,0.00
1780332697,-496.00,20261001,1,768,1,0.01,214.27000000,214.27000000,159.63100,-496.00
1780391700,0.00,20261001,0,770,0,0.01,215.20000000,214.63300000,159.89300,0.00
1780437600,169.00,20261001,1,770,1,0.01,215.36900000,214.63300000,159.89300,169.00
1780652700,0.00,20261001,0,772,0,0.04,214.90300000,214.52400000,160.23400,0.00
1780675289,-1520.00,20261001,1,772,1,0.04,214.52300000,214.52400000,160.23400,-1520.00
1780996500,0.00,20261001,0,774,0,0.01,214.07900000,213.47400000,160.34200,0.00
1781042400,605.00,20261001,1,774,1,0.01,214.68400000,213.47400000,160.34200,605.00
1781082900,0.00,20261001,0,776,0,0.01,214.78100000,214.23500000,160.52200,0.00
1781128800,-52.00,20261001,1,776,1,0.01,214.72900000,214.23500000,160.52200,-52.00
1781173800,0.00,20261001,0,778,0,0.01,214.91900000,214.31800000,159.90900,0.00
1781191358,-601.00,20261001,1,778,1,0.01,214.31800000,214.31800000,159.90900,-601.00
1781609400,0.00,20261001,0,780,0,0.04,215.08100000,214.52000000,160.35500,0.00
1781647200,1432.00,20261001,1,780,1,0.04,215.43900000,214.52000000,160.35500,1432.00
1781775000,0.00,20261001,0,782,0,0.01,214.04200000,213.10800000,161.36400,0.00
1781783121,-934.00,20261001,1,782,1,0.01,213.10800000,213.10800000,161.36400,-934.00
1781868600,0.00,20261001,0,784,0,0.04,213.22900000,212.45800000,161.23700,0.00
1781906400,692.00,20261001,1,784,1,0.04,213.40200000,212.45800000,161.23700,692.00
